6819 3377 2576 1082 2622 3533 5972 8783 7894 4745 2191 1050 3434 9777 4618 5141 1284 4536 3612 3370 5138 6355 6004 7571 9633 3609 4626 6515 7058 4809 3206 3260 3005 9518 5488 7632 9182 5748 8163 9629 4601 3197 3831 8553 4311 3570 3673 4066 7769 6361 2545 3823 9472 5527 7384 2349 7967 5759 1546 7340 9044 3607 7119 3311 
3810 2206 9683 8746 9004 4296 1699 4433 2183 8817 1823 8088 6050 4736 1045 4630 4722 5041 3689 5726 2919 3502 7967 3769 8955 4336 3625 5603 5422 2879 7510 7322 1719 6978 7510 9255 1636 7180 7987 5242 9990 7073 5599 3384 4777 5358 1874 8501 8238 4264 3788 5297 6886 2151 5044 1525 9354 5646 4582 4987 2492 5942 8823 3665 
7498 3128 4002 7738 3221 5402 3541 6934 7637 9235 4943 3652 1856 4115 8123 8284 1377 6491 4767 4988 5594 9474 3445 9623 8123 8306 9774 5480 9450 3432 5905 5410 5168 8403 6485 5435 7739 3312 9338 6092 6187 1084 4543 7927 4110 8168 9611 6486 3078 3071 3706 6200 4053 9366 3425 6332 2987 4482 8106 5685 3028 2135 9530 4124 
5618 8442 1742 2079 5557 8416 3597 9710 6214 8139 9778 1278 9822 6224 1286 7285 8939 6756 7701 4691 6528 2959 6021 9408 6441 5501 7684 9117 5309 5844 8020 7037 7917 2120 1288 7491 2131 3588 6324 4744 3366 8736 8151 3573 4392 5928 2908 8806 3680 7876 8068 8726 4834 2417 9672 6502 5623 3002 4359 1375 4150 1843 3334 9492 
7594 6137 6453 2050 9646 7532 4678 8129 8928 5133 6512 1284 6863 7639 7228 8536 4470 4516 2076 7190 7199 9826 6199 3650 5231 5346 5307 6073 7194 7767 8465 2750 6683 8580 8798 3345 4657 3742 1252 2545 4213 9090 9790 4657 4079 6422 5128 6692 1702 9383 1098 5485 6755 5355 3239 4188 8880 8500 6435 8848 9807 8359 8065 2708 
5217 5951 6136 4879 3644 8224 5290 4901 2881 4961 4161 3851 1743 6748 9334 7592 3541 7164 5969 6354 8786 2122 6533 1843 6143 5127 5694 5233 8265 1070 3212 9253 7466 6138 8817 6425 5583 6898 2162 8979 1962 5872 8725 7966 4012 7875 7272 2348 5476 1305 9984 8408 2199 6495 4000 7374 7274 5012 8056 1620 6873 9786 4743 8517 
4878 4402 6789 2879 6240 5734 3089 7978 6599 3923 2455 4117 5561 3502 4337 2966 8060 5210 7077 7479 2854 7180 8753 4833 1859 5805 2127 8348 2431 5594 4312 1234 8074 2355 9823 3017 7093 8961 9823 5980 1136 4833 7142 1421 1140 3522 8464 6277 8626 7855 7438 8699 5585 5893 1575 2378 9639 3538 9826 6057 4015 3504 6058 3844 
2611 5829 9236 4839 4029 8498 9260 4535 3304 4737 1657 6015 4149 3358 5523 9651 5294 1538 2809 4170 8028 7122 7380 2061 7762 2982 8405 3877 4553 1693 8397 5195 2463 7292 7004 9075 8348 2878 5254 5010 8251 6496 5873 6839 9517 5489 7976 4088 3068 2049 3686 2823 9835 3105 5050 6881 3511 1208 1700 5845 7006 9331 4365 1299 
6897 8337 4931 7117 1801 7961 6499 6744 4526 2638 3979 9246 2136 6308 1633 8223 7555 7476 3753 2225 3786 8518 9778 2475 4555 5320 3591 3750 1732 1931 7382 5128 6769 7085 4979 8362 1246 4570 3480 1821 1402 1538 1979 4301 2100 8919 3203 9533 3285 9190 6164 4172 5388 5621 5856 1106 9261 4586 7315 2353 8630 9474 2807 5685 
3424 3502 9409 3785 5592 8447 6827 3582 8398 6413 5698 7022 7687 7372 2240 5564 2760 6932 9502 3713 8565 2674 5089 8616 4589 1098 9284 7960 3520 7150 5594 3506 9969 5118 4598 4944 6240 4758 9906 1780 5589 4686 2530 8129 2363 2883 2563 3497 3790 7430 5860 3955 2780 1588 1822 1795 2589 5588 2387 3136 2775 6218 1136 9277 
8218 7316 7938 9166 1509 6714 6125 7601 6924 1106 3566 2367 4191 9546 1205 8865 4878 6423 7226 3614 4759 3625 4436 7409 3737 4497 1263 7851 4077 9032 5813 4499 4173 7744 1309 3434 1775 9905 1614 9936 3650 9035 3894 4530 9437 2476 6577 5386 5275 8115 7081 2743 5520 5061 9083 6131 9317 1113 9437 2565 9652 7651 7196 9184 
9608 3489 4463 5426 5879 9925 7487 7918 8452 5239 5922 4604 7768 2242 2005 4297 7109 2752 7478 6123 3343 5426 9024 5966 6534 6886 6076 9502 1958 2973 3376 3021 9131 8297 8277 5030 5924 1570 4056 5017 1296 2706 5635 6614 4345 9028 8978 6127 1686 3583 2280 8950 5901 1794 8853 3377 3316 8026 8329 5323 9272 5423 7251 9496 
8844 5906 3837 7777 2488 9173 8197 7589 4318 7055 8135 2162 1366 6617 5818 3796 3370 9603 4538 5336 6483 1578 1646 5839 7579 2632 7323 6007 1381 1667 9433 3603 4017 8297 8555 5663 6993 3735 5581 3344 6966 1685 2951 9766 8975 2019 8217 6322 1884 4471 1777 7859 1322 6268 1330 6273 3674 8086 9656 6288 9146 6473 3308 7473 
1653 3573 4033 7296 4113 1713 9365 5574 8843 7412 7160 8060 7281 7890 8281 2840 9913 7844 8581 1595 5203 2617 2302 2450 5584 9109 4141 8848 5218 1021 4217 6187 8054 8214 5335 6501 1245 9596 7156 4018 1102 7453 7734 6148 5600 7100 3039 6416 7023 2046 2308 1797 2122 2440 4760 5137 3479 7249 9760 8724 5896 9829 4634 8247 
2077 2588 7128 9518 4050 3033 9485 5035 9885 2380 9246 2819 8558 4255 9263 8190 6013 8316 2801 4693 1874 3748 9903 5006 6102 9711 6306 9725 7078 8608 8607 5422 4816 7366 1302 7222 1838 9049 7526 3670 8722 4251 4701 8359 4600 3411 6625 8354 1663 6495 1451 9095 4557 4661 8101 4109 2415 8345 4269 2159 4600 2649 1729 1395 
1524 4093 4540 2665 5994 6682 4041 1045 2003 5395 8079 3449 6793 6925 6351 9024 9490 6944 8250 5662 8274 6232 7300 4762 2930 3860 5859 2796 1742 2511 9760 5883 7699 1250 1983 1071 8210 5433 3404 2975 8890 5341 1004 1638 3004 2647 2292 7789 7231 3561 5776 7483 2211 4678 5403 4916 9823 8776 7407 7066 2208 5009 6615 7052 
7482 1510 5601 5726 5264 3077 4127 8989 7211 6811 5799 8469 7846 5088 8053 3230 7351 3634 1957 8422 1022 9415 7904 5188 1128 4144 9465 8503 4667 6425 9462 4781 8625 8959 4443 7568 3835 3096 5114 3950 9576 8237 5000 7825 5718 3256 7670 2080 4142 5826 2467 3936 2785 4374 4796 3344 5327 2724 1915 6504 1460 7373 6214 9680 
3614 5240 9898 9125 9737 2928 1278 8582 2769 8548 2277 6526 1778 4474 9561 2729 8523 1691 2749 1220 9401 5515 7595 9229 5782 6895 3258 4167 4743 7999 5542 5178 1178 2197 4961 6734 8557 8055 8361 5828 1440 8563 8355 5278 2509 3204 5597 1772 1015 1807 6792 8121 2371 7375 8423 1712 5690 3694 1204 8466 7079 2983 2228 8809 
3501 8354 9409 8907 5368 1954 9613 5163 3027 4458 1550 8213 4995 5452 9362 4271 4789 7241 3113 2516 5140 6259 3140 8747 8622 4552 1085 5228 2293 7718 8941 2687 8045 5422 2102 4746 9492 5053 6330 8301 1419 1800 6734 3993 7098 5671 1525 7720 8707 1671 1079 8868 6249 3280 5018 8467 3768 8007 2212 4574 2862 6546 5918 6594 
3472 5262 7791 6691 1206 4463 5442 1042 7795 3946 3826 2985 1395 6164 2498 4519 7826 6385 4401 6321 9606 4168 4829 2982 2985 3391 7531 9855 6020 4281 3555 4569 6340 7428 3463 8760 8729 4399 1186 1576 2220 2849 2580 6402 8695 1948 1376 1990 2307 2278 3864 5743 3696 8999 9194 3494 3825 6506 3193 1433 7023 7818 3499 5465 
2886 4893 5995 3904 7389 9177 1966 5406 3952 1069 3307 6844 8542 7786 9396 8243 5168 4564 9606 7473 9787 4347 8208 3444 9103 6648 5728 2804 3472 2394 4273 5013 5720 1815 5412 4188 8348 7509 7334 3708 6779 3402 7749 7233 9746 5672 9722 3923 6533 3456 2435 4138 2994 9211 5415 8000 9837 3005 5091 5959 9798 5447 5277 6802 
9377 2419 9857 4744 1858 5842 5743 2445 2402 7314 5690 5261 2884 9438 9852 4253 9615 2247 4190 5799 7271 5943 5306 9947 3960 7451 3871 7902 1949 5381 3970 5758 7636 8712 5820 4237 6745 4950 3105 1913 3637 1270 8058 3625 9784 9561 1795 7912 4781 2069 6534 7797 7312 9203 3894 5941 4813 7764 1923 6089 5945 8295 5807 8615 
9069 8571 6471 3786 8209 6953 9720 5390 8750 7642 3460 6531 6837 2648 5657 9464 3280 4279 6213 7083 2527 5699 7227 3287 9601 2683 7099 7048 4686 7304 2926 7367 6845 7822 1890 3578 3230 1857 1833 8335 3512 3134 8964 7367 9470 9575 6910 6206 6884 6626 3369 6305 6363 1794 6503 8267 4763 1913 7000 1953 1367 1315 8210 8579 
5934 4043 7172 7677 8464 3406 3650 5121 3273 1502 4155 4164 1674 4902 2962 9293 4992 2133 3412 8913 5484 4967 5952 5273 7291 4908 9022 6075 2814 5029 1763 3576 3459 2306 3256 7452 5707 9091 5556 2067 4362 8583 5210 3442 4111 5283 2472 5920 2886 5494 8474 1689 2508 8633 5757 6288 1288 4879 2575 6011 2362 7302 3722 2545 
8357 8962 5853 2054 4793 7575 2669 7917 6746 7526 2218 4145 1197 3648 6172 4162 8312 3338 3988 9552 7566 5490 3287 3382 1104 4574 8581 4260 8494 6623 5533 9920 8688 6061 3581 2952 4156 1180 1744 9212 5191 4535 9098 2522 6081 8824 1419 1115 8310 3971 3829 3686 9421 3000 8624 6617 6569 8990 5199 5843 8745 6858 7907 4774 
4174 7517 3527 6997 5923 2751 2187 4305 3342 7194 3643 7095 4958 2090 9589 8861 6715 2506 8902 8421 8422 3614 9758 2918 1221 6161 1732 4251 9270 8500 3843 7335 4764 5217 6973 8455 7876 1398 2285 2518 4111 6112 5920 8069 2990 6355 7612 7674 5744 8593 4487 5843 3652 4650 9139 9585 2409 3102 6125 2725 6403 6599 4343 6773 
4224 5576 8637 6721 7245 8779 3154 9822 1530 8814 2941 3994 8346 3616 9375 8949 1793 7889 8860 8256 4512 3005 6649 2399 4467 9665 1498 3921 3905 3052 8681 8272 4705 9530 9756 3303 9011 9158 1633 6349 1835 1879 8209 5229 7874 1600 6386 1449 5411 5946 5394 1292 5445 7177 1087 3968 5231 5771 6301 3708 5367 5013 2105 7088 
7403 8197 9712 1927 1712 2076 3975 4296 4183 9471 6192 5862 4157 5964 8439 8225 6739 9078 8517 8544 2404 6888 1470 8341 5167 3478 6321 7586 6148 9255 1063 5464 7647 4401 1041 7780 9867 5097 9130 7979 6083 5193 3121 4018 1528 8528 8300 5552 7169 2925 3823 7396 3711 5199 5191 4179 5619 4448 3811 3856 7512 9404 4323 9517 
7694 1340 9240 7966 5742 7839 4286 3529 4440 4374 7872 8673 8034 2888 5022 8782 3216 5789 7830 2102 1687 6163 3394 2790 5925 5310 2100 4080 9691 3467 6595 5997 5776 6103 6381 4195 1368 9360 2885 7435 3680 3930 6559 8976 6776 9993 7495 3359 3658 3090 2383 3188 6121 5338 9515 3730 8955 9074 4390 2470 5803 8636 9746 6760 
4895 1773 9083 8911 4437 9607 9928 7197 8466 5502 5393 1246 4144 6474 7849 6566 3404 4390 3261 3576 5997 5118 5246 5012 7164 2887 7627 7018 2265 4809 3908 2476 3754 2711 5410 3643 7599 6741 5373 1063 2988 3529 3006 6627 2037 6018 6743 5364 8251 1722 2690 4112 2802 6085 1195 7740 5518 8840 7916 5745 6816 6264 7720 9684 
5841 7508 9134 9187 9705 7339 7358 5919 2988 6510 9336 5872 4749 6126 9523 9877 9229 5659 8715 7984 5933 2661 6780 9344 2827 5621 2125 2740 8441 9976 6770 6105 7720 8003 2634 9718 1450 9255 4450 5403 8714 9158 4927 3383 9712 1109 6306 8297 6871 7896 5330 7028 8246 4318 9105 4594 3801 2059 6133 6511 9610 1845 3710 1374 
6513 1232 9183 2140 5242 7551 5442 3724 1591 3290 5749 3438 3269 3515 9277 3239 5509 1289 3347 4377 7482 4606 7018 5141 8413 5106 5560 2137 4157 6317 1932 7509 4149 3210 9216 6726 2849 8477 8631 9221 3335 7627 6361 3158 9235 8158 6072 9695 8743 1213 7837 2568 9832 4447 4737 6084 7015 3182 2242 6807 7675 3455 3248 2498 
9726 8060 2855 3405 5606 1897 3534 7703 3666 1936 8167 9634 3431 4423 2963 7559 3495 1064 6646 2955 6113 8598 3458 5402 4442 7793 2680 5592 6341 6245 7819 7308 2825 6741 9819 3647 4509 4337 1284 5668 9644 6432 8475 9127 5334 2653 2760 7939 7131 5540 2369 1865 8163 6320 4633 9176 2343 2702 9006 5726 4006 7539 9921 9955 
4666 5914 9542 7090 8631 1677 6405 1229 2314 1517 8869 4854 6753 7275 1908 8984 8606 3370 2463 1591 7544 9194 3247 1216 2076 1041 1513 4107 7548 6867 5372 3559 5528 8257 5445 4406 7503 7666 3036 8344 8891 8382 6032 7825 7019 7438 5324 8572 2166 4095 8616 9328 5486 7238 9123 5477 1989 1569 4141 7852 3251 6571 5939 5431 
1426 1833 3675 3199 1644 9899 2650 5386 2276 1969 1362 3997 1921 7235 3731 6031 1007 6023 7547 8555 2187 5681 3956 1280 4910 7187 2354 5434 2730 2657 7252 1049 7395 2757 9009 4638 9735 7120 3319 6474 6538 2823 9069 3436 1183 8031 8837 3486 4963 3975 6424 7409 9685 7561 8526 2024 1565 6799 3410 1549 8235 9907 4797 7422 
9866 3844 3703 9558 7427 6884 3188 9569 7059 6073 6481 8124 9218 7223 5871 8454 8968 1001 3427 9188 3142 1734 4488 6852 3179 6716 2368 2152 6390 3965 9288 3502 7816 4147 7011 9593 3156 9637 4429 4900 3955 1355 8100 1258 2106 9884 5266 9077 2750 3009 7818 1081 6083 5850 9877 9451 8887 3833 7901 6619 2563 7916 6430 9777 
9226 5852 3516 6849 8079 1466 9797 5572 4315 2576 7412 9117 7407 1413 1256 5011 7444 5121 5704 7301 6935 5693 4865 5118 9826 6319 4644 9887 4648 4537 7863 9367 5757 3207 1991 7358 4032 9088 2895 6641 4873 9634 1007 5837 1557 2132 4470 4559 3739 7695 5285 2223 6888 2332 9030 5452 5498 5965 4019 1976 5734 2750 7118 6760 
8693 4524 3321 2237 3315 4646 1651 9717 4370 1816 3073 9535 1606 8659 9443 4443 9232 4842 9662 9605 8641 1174 2208 8377 4678 2478 4373 6381 1611 7428 4144 8603 9325 7847 7688 4558 5783 1831 2724 4040 1943 6301 6067 8548 5996 8922 5649 4940 8348 9711 6712 6132 9570 9898 6808 5313 3655 7343 8814 5724 1292 9966 9788 1100 
2028 7548 7291 8984 8689 7371 2025 9155 5760 7549 6898 9918 7846 9746 6283 5950 4873 9161 4021 8796 7537 1159 3630 1605 1813 5667 3439 6165 8986 1668 1348 4979 4157 9090 4934 1985 5514 8468 2879 2422 5782 6655 7433 5499 8261 9579 5576 7009 4440 7008 2685 5006 6109 4981 8485 9483 8361 4166 8842 1334 7246 1443 6859 8944 
2550 6726 6619 1376 4150 5059 7624 1514 4553 3571 3426 1800 6568 2330 5272 3049 8144 2556 6957 2857 5644 7622 4625 5059 8409 4975 8171 3297 1740 6939 6907 1713 3315 5455 9188 9484 6527 6853 4005 6477 9714 2516 8940 3470 4630 5913 1195 8518 5513 3884 8483 2945 2254 6288 8981 6257 9521 2433 3096 3894 1234 5228 3342 9339 
7081 4384 9080 5621 6688 9534 1254 5943 8609 1166 3568 7613 6729 7869 3565 9654 5025 4556 2881 8115 7519 7185 2412 9950 3984 9449 8088 7023 7314 7470 1788 6770 5243 3979 3613 7299 2204 8729 5770 2808 7408 2927 8758 4266 3402 3926 4129 3373 9657 8104 3936 5826 8317 7402 4229 1308 1748 9433 8124 4165 8507 8841 8641 7620 
4121 2956 1773 7135 9701 2872 7905 2366 9432 1860 5476 9606 9134 1806 2446 3213 6973 6531 3445 9505 5684 7052 7082 7667 9252 2965 4976 7100 9342 3855 1157 9170 8855 2087 7248 5268 1502 2176 7878 4874 9313 9198 2113 6805 9805 3574 4987 6640 8668 3323 7155 3802 3156 8241 3585 6166 8185 3623 1893 8760 4793 1168 3583 4827 
1682 8167 9711 7574 6822 7206 2918 6453 1746 8482 6471 1501 4730 9405 7906 6919 2993 3397 5766 2806 2656 3322 6548 3368 8210 2119 3275 7257 4809 5119 7053 7302 8217 1767 3603 9005 9474 1294 1389 2297 2123 9682 6873 6545 9793 7247 9652 8954 7349 2972 9682 2479 1180 5114 6036 3955 8816 3647 9763 2334 8718 3633 9490 1105 
5267 6237 1414 9189 9025 8146 3326 4728 5217 4394 8343 5861 7773 2570 9016 8026 3040 7518 6055 8457 4966 9625 6888 8614 8436 7695 7776 5678 4723 8860 4114 3050 1235 8172 2107 4954 2757 4646 9361 5901 6028 8771 5325 9093 6885 4472 9322 4267 6736 9863 4010 7728 5166 6835 7133 5268 1017 2069 4303 1671 5127 8235 3315 4942 
7627 4523 4875 8219 6417 4573 9114 2871 8080 5942 2221 9631 8277 9072 5067 7305 3315 9858 1793 8766 3183 5215 7911 8171 2742 8371 8068 1803 4872 1526 2643 3432 3498 7729 1467 9308 4999 7059 4106 8471 3376 6817 7573 4658 1598 3186 5924 7108 6771 5023 3168 5756 8033 5693 5581 7950 5877 6128 4079 5149 7231 2690 3780 8298 
3872 4020 7697 3445 5463 2747 2303 4537 1664 6200 7044 9230 1402 3773 7919 7744 9629 8292 3037 6857 2986 6930 2323 4144 2551 7333 7479 7040 4875 2917 7936 8024 8065 6842 9732 1524 7323 2834 8977 7750 9244 6664 8434 8736 7514 9599 7866 4953 1643 4559 8388 1535 7314 2720 6294 5056 1194 1309 9085 5761 7694 7669 2941 7096 
6199 7012 7034 1188 2890 5052 4883 7458 3153 8193 5813 8802 9893 5616 2079 6323 8875 5967 6743 3952 8906 3205 2659 7416 2419 2117 9458 8557 3252 1848 6165 6600 7795 5315 1986 8081 3804 9660 9392 7271 1537 7636 8006 1234 5916 4253 8562 6285 2144 7879 1373 2245 9180 8035 6023 2419 3775 5497 6064 7484 1326 3937 5850 8978 
4153 5038 6530 2817 9662 9256 5506 6980 9256 4883 8548 3111 7609 1720 7573 7839 7169 8331 8722 9984 9087 5834 3459 3333 2071 1384 6471 5988 5828 4913 9023 1045 5574 6683 3854 4744 5829 5992 8781 9001 3515 5334 4966 5622 2776 7358 2162 7988 2211 1608 4320 8645 5114 2739 5252 1175 7920 5820 2289 1663 9761 7233 8451 3479 
3358 1671 1848 5877 6196 7045 5610 9267 1923 4803 3920 2564 7603 7056 5244 6755 1951 9313 5881 9984 9552 4902 1408 7476 3389 4275 6277 5819 1075 5137 5369 6617 4032 6286 7586 2296 1177 7160 5729 2465 8094 2521 9171 1988 3134 9145 9927 7140 2341 6808 6938 6111 4283 5976 8471 2515 9799 1547 9115 5666 1598 4858 1252 8240 
2563 3311 4507 6048 2609 2039 8522 2648 6818 4818 8599 5062 7415 4779 7560 5646 2182 2356 5965 6304 8733 1796 5356 8176 3322 1112 6447 7278 1811 3744 9465 2352 2129 6061 3914 8726 3744 9592 9225 7284 1662 2472 2298 1560 2261 7441 2571 2962 8932 9946 2309 4603 5061 6088 2785 2961 7199 4684 1039 5749 6206 5654 6369 9462 
7933 4257 1858 6945 9264 3085 4529 1055 6983 6305 4575 8839 6039 8176 1042 8950 5201 9136 2839 5352 4943 3472 5361 2983 4244 1278 8710 4320 7644 5886 3236 5201 5632 7000 9455 3796 5824 6811 1923 8443 5628 4248 1724 5945 9364 2050 1413 9491 9483 7592 2173 6671 5133 7239 4679 8644 9237 5513 4736 7349 4089 3426 9775 7418 
4725 5745 9500 8227 3421 4410 2910 2688 1618 2241 8654 5869 1058 5314 6929 1871 8654 1309 5192 8687 1059 3248 2775 3691 6956 1150 9996 9693 9631 7545 2899 8256 3359 6881 5905 2897 4543 2005 2287 1557 1815 4894 1885 1201 5393 1086 8184 2016 9795 1340 8489 2863 4419 8730 5712 6992 1120 3143 2591 8776 7094 8830 4661 9380 
8756 4815 9614 3795 6291 2855 4036 3727 7209 4793 2365 8434 7910 6766 3540 3152 5452 9392 9502 8380 9991 2233 1001 4427 2915 8039 3489 2638 5197 7094 7161 6863 9345 8718 8502 4907 5482 2878 8631 5626 8223 1733 9136 1403 7389 6444 9515 7409 1488 9087 4744 2552 1921 7066 3126 4165 6513 5871 7200 1247 7201 6248 2195 1162 
5312 3449 1762 8695 9758 9997 1877 4499 7639 2476 9641 6000 9138 9921 8126 4340 5455 5574 1039 6026 2884 8743 3659 5891 3717 1121 2841 1078 3297 9730 8721 2540 9169 3409 9575 8735 7230 5200 1020 9789 4119 4544 9743 4725 3703 5878 7402 9132 2210 9274 4827 6097 3941 1655 7763 8320 3008 8730 3276 6171 2087 3905 7225 2422 
7043 9399 6607 3661 8015 8167 4560 5162 8778 2125 8343 1638 5288 8483 2763 9492 1837 7454 9013 6244 2638 2198 7387 9407 3536 7415 7806 8159 1529 8819 6474 3915 9323 9251 8933 4654 4451 3598 4362 3377 5536 1288 6860 9113 4446 2915 3631 9217 3493 5021 3858 8793 7079 4500 7308 3475 5776 9459 1288 5600 7862 4652 9074 5831 
3685 9215 8117 8496 5858 1462 4989 3923 2661 7671 4250 8603 6948 8308 7379 1419 8329 9466 3632 6815 9948 6068 8467 9457 2998 7055 4355 3701 9891 9352 2411 9481 5235 5689 7849 7082 1091 2295 7059 4928 8237 2770 8953 9889 5310 1711 1220 1774 1576 6455 9833 4812 5102 6203 5773 1059 2675 1274 3452 4137 8401 7911 6686 5980 
3684 1782 5773 8646 2524 3811 6001 6250 4628 8127 3377 4860 3029 5656 2468 3157 4611 9129 6060 8795 8182 2315 4275 4164 5576 9626 8630 2692 8724 1113 3096 6694 4543 1982 2210 6517 7637 5497 5566 6610 5663 7816 7502 1098 3359 9123 2285 4330 5195 8067 6055 4942 9741 7942 5211 7054 6010 2046 6721 2317 5316 3765 3841 5089 
4093 4343 1184 6925 4896 9703 6067 5642 5852 1479 7845 8977 7606 8364 1588 9759 1771 8633 8446 3228 7787 2362 7524 6150 6671 6281 9492 6754 9586 4942 9753 7836 2363 6304 7803 3588 3072 7494 5363 1935 9694 6638 2686 9445 7134 7542 3838 9673 1853 2402 3394 9128 3638 7639 2677 3410 4064 6749 9364 7171 6215 8072 8848 1435 
2771 6149 7923 5005 3257 6023 9472 3210 9842 8532 7071 2763 2668 2015 1046 8566 5582 1333 5510 7242 8638 6486 7035 1711 5710 5245 6791 6293 2848 5540 4075 4327 9156 2697 9854 1623 4635 7513 3846 4206 1577 2135 8830 5222 2938 5442 4466 7657 2624 5288 5555 7667 2803 8808 1775 6684 3489 1984 7567 7671 9209 3912 4267 2112 
5279 3760 1100 3954 5738 6305 8137 7970 4948 4426 1020 2550 9393 6786 6615 8006 3130 4995 1171 9530 4585 7643 3424 8540 4960 2701 9773 9456 4258 9669 5123 2665 2028 6540 6411 2897 6252 1829 3475 2803 5763 3925 5894 9394 1877 7285 5654 3964 5970 4426 1041 2792 6907 5452 4279 1304 2558 6948 6091 3949 3128 4899 3264 5852 
7775 7383 9251 3010 7976 6026 4646 7754 4307 3399 6220 9169 5187 6167 7402 6170 3573 2209 7454 9907 5885 6204 8808 2591 8115 5717 5476 3819 7286 9157 9426 6193 7903 4112 4709 5833 9557 1093 4004 2245 2757 4231 5496 8689 4358 5654 8336 1751 4355 8735 7021 2270 8766 6764 5541 2522 6760 5659 7510 4486 4995 5258 4731 1997 
7563 1101 7317 9599 3299 8381 8500 3379 1949 4247 8599 8467 2403 3501 2133 3637 2782 2582 6206 4604 5656 9609 4047 3540 7785 4796 9255 4939 5159 2267 5096 9344 4574 1386 8781 4737 5083 1824 5090 4733 9944 8037 4716 4755 9872 9478 4447 5205 7229 1866 2037 7795 2173 9425 8273 4631 8974 9536 8277 4235 3891 1648 1758 3183 
8391 6708 6310 7877 8358 8621 9617 7253 1495 9553 7152 4106 3615 5730 5482 9336 6874 3867 7702 8845 8423 2736 6541 3337 8081 4394 8779 4272 5363 1216 2178 2711 2015 3696 9029 2620 4591 6868 9986 4675 3188 2703 7598 3282 3567 9974 6233 8531 6253 9196 7724 2738 6719 7295 3405 6564 4327 3419 8566 2128 2304 1660 6982 9987 
1066 2199 4024 2785 2868 9176 8597 2246 7581 3233 5709 7623 9902 6612 9397 2830 7739 6459 8857 1393 1962 3501 1978 1145 6701 4577 9597 8459 5455 6619 8208 1010 7405 6089 7657 8186 5050 5498 9158 8554 9665 9655 9691 5062 7939 3373 9162 3312 9120 1041 2784 5402 4095 3639 7588 6012 6570 3570 8437 3775 5566 7352 7553 4977 
