8212 8487 3305 7422 2894 5541 4043 2636 5755 7360 8763 6441 4967 7010 4464 9586 6490 7480 8723 4352 2732 9693 1859 9378 8571 5125 8787 5561 6883 9333 5504 2109 
1047 2136 8741 2256 6592 7989 2116 4627 9874 7928 9367 2976 1195 9837 4781 3972 4104 8104 9637 9809 3043 3945 3918 8866 6582 2278 9248 9253 2894 1387 5701 1309 
2036 1819 8274 9993 4144 4039 7552 2522 3002 5676 4904 2143 6125 3107 3720 3929 2742 4178 4159 8352 1510 6126 4074 6474 1575 3845 2203 1403 6087 5999 6459 2969 
5770 3935 1464 4547 4660 5944 2166 3399 3867 2525 3173 6346 9807 8618 7924 1840 1585 7710 3259 7170 1507 6385 8442 8501 9532 4426 5097 1553 2805 7142 9113 2451 
1410 8268 9515 1510 2420 2608 6033 3087 2315 9322 5137 7219 3165 6237 7590 8542 9886 4788 8688 1796 9931 1138 7847 6019 1769 7032 4133 3788 6694 3558 5692 4018 
2130 3525 2769 6088 3098 9310 1981 6597 7952 2927 2405 7169 7332 6445 7265 3146 4681 6403 8874 3868 7708 5686 7163 3288 2819 9194 1946 2173 6523 9290 4340 5433 
8401 8904 3003 5809 5250 1400 3850 6339 7226 3003 2716 4825 2276 6145 3094 9344 1166 9792 6952 6814 7812 2276 2121 1004 5573 7684 2674 1033 3321 1321 1703 2527 
5849 4568 1157 1423 4817 1039 6719 6109 7956 1692 7757 6888 6386 9997 6966 1788 3454 1760 2635 6221 4617 2575 9866 2355 9422 9043 6916 7718 4656 9942 1180 4908 
3448 3293 3096 8598 9109 7151 9782 6576 7255 9469 8770 8905 9577 6566 1772 3597 3337 3757 7389 6139 8657 2001 2124 3558 1842 3807 3430 9386 2756 4580 8118 9060 
5412 6252 7318 9078 7835 6506 1955 4996 8977 5477 6678 9375 1796 3671 7755 1085 8330 7334 9207 1316 5918 1111 8803 5934 2419 5984 7796 8384 5787 5411 2856 4661 
6173 2892 2456 7281 7549 2726 3210 8817 2486 1838 4066 1712 8674 5096 9956 4827 5184 8188 5188 8959 9525 6320 7367 7498 5433 7787 8204 9435 5454 9362 1375 6485 
9299 1842 4719 7000 6869 9714 2424 5564 9818 4755 8197 9672 8557 5292 9405 4650 4492 6195 1472 2949 4937 6498 8340 5238 1464 7622 7514 1231 6886 2541 9155 2411 
3136 6645 4889 1345 6713 2719 5818 1647 9697 2687 5595 5486 1100 6476 2532 3618 9804 7931 1145 8681 4450 9637 1401 6113 4091 7211 3660 6913 8296 7982 5524 1847 
2530 9552 5203 5368 1052 3990 1139 7980 6083 3298 4868 9074 6193 8748 6007 2155 2108 5602 4368 5775 4914 8750 8291 6188 5736 9262 6823 8602 5284 9993 1811 7442 
6753 8301 1898 4034 7272 5317 4964 4858 7237 5054 7565 2909 5104 5276 4013 8757 1464 2801 5477 6226 1100 8155 4667 7678 5058 9990 5067 5171 9958 1608 1551 2440 
1680 8654 1680 2347 6078 6398 4810 7838 6915 1040 5977 5949 2799 9454 6124 5008 7993 3622 5885 8858 6781 6214 7527 3110 4664 8345 3504 2252 4751 2227 2315 2794 
4182 3329 3194 6477 1138 3889 3697 2624 8142 7182 4843 5517 1500 9385 7560 4032 2467 9896 2411 8562 9917 6356 3395 3792 8260 9328 7542 3800 6150 9510 2099 5065 
1764 1927 2728 2494 5195 3789 3880 1466 7462 7005 3174 6777 7662 5383 4900 7020 6451 2655 5636 7807 5742 3477 5946 7153 1915 6158 1326 6035 9867 4154 2151 1173 
5607 2666 3506 8097 8817 7046 2022 8455 8985 1028 3077 7900 3513 9856 6697 6200 8209 5644 1717 3696 7764 5174 9442 1361 8126 7304 8161 1666 6871 6105 3856 5520 
3315 7490 2963 7083 4500 3569 5308 9475 4859 1548 1581 9524 6446 8919 8948 6866 3966 8023 2547 3804 4046 7728 9092 7347 9689 5957 9316 2432 9006 4061 6401 6804 
5787 9586 7451 7065 9939 6053 7478 8215 9518 9831 6951 7710 1069 8019 2865 3259 6867 9125 3807 4285 4290 6983 7938 2400 9278 8946 8293 7490 5873 5801 4138 3568 
4438 8078 7924 1641 9072 2003 8512 3403 1789 5347 8355 8786 9021 2016 8263 4619 2378 3041 5257 3065 1494 4126 9464 1715 1825 7286 1053 9955 2426 2652 8070 8129 
2442 2572 9150 5381 8071 6081 2149 8511 5065 5262 2960 6631 7221 9560 8186 8748 2505 6364 5471 2406 9420 3066 3819 1849 8284 2334 2959 9371 6403 1570 4079 4424 
7026 9979 9664 6898 5186 6133 7594 3334 4352 6547 7210 4584 7760 4900 6502 1438 3580 6721 6803 7963 2485 3926 2417 2932 4871 7400 3829 9023 8507 4843 9824 7254 
7533 7115 8711 7983 5521 7763 2811 2831 5037 6070 5515 9837 5049 2016 4373 3348 8197 9409 3550 9903 2164 4653 3530 2869 8171 9089 8355 7719 4808 2193 2170 3314 
2936 1822 3057 4013 6315 3767 9048 9621 5796 9976 1506 8819 8946 8245 8854 8618 2209 5069 7741 6893 1122 3669 3794 8453 5502 9136 4390 5496 4451 8366 6911 9749 
1588 6608 9431 6805 5199 8813 8587 3902 7846 6025 3046 6713 3384 4185 4942 1957 8285 7243 7888 7124 7024 8683 8402 7796 4850 5901 7746 6734 7843 1046 2116 6498 
5845 7658 4242 9826 9847 7547 1751 4049 7182 6897 6210 7738 4584 7644 8703 3545 8278 7056 3630 7973 5436 5625 3479 6151 9634 4641 9934 3338 1457 1916 5332 1713 
3119 1284 7101 9383 9310 2354 9077 5422 2825 3720 5333 7464 5104 4113 1499 2084 4139 4995 9902 9722 7176 6094 8340 6249 4199 4666 5567 9091 9474 9278 9033 8039 
5151 8324 6406 7708 6011 6501 5800 9424 9591 9696 7010 6967 8938 3181 6981 8323 8109 8627 4390 7450 4314 6439 8501 3945 7543 6346 4783 1162 5500 6749 4853 4914 
5461 3450 6394 2126 2780 9271 8691 6635 2823 9022 4311 8611 5247 1831 6303 2563 1677 2915 1874 1439 8231 6412 7671 8965 3486 8932 5494 6198 5525 6376 1971 7674 
5393 6395 4061 8536 1477 2590 1066 3516 3537 3879 6821 3060 3199 7936 4189 1236 2356 4523 8661 4114 3887 5588 8599 8038 6898 7013 3461 2858 8919 3285 3100 5384 
