4582 9176 3030 9291 4710 5656 2346 2796 3283 5391 2089 1815 4693 9402 1677 9112 
2314 9823 4482 8842 7780 4608 5693 7922 4280 6588 8123 8587 1916 9290 7127 2325 
8573 1947 7579 6674 8365 1483 2645 7818 2136 5620 8971 6875 2502 3003 2435 7055 
6767 2372 3661 4474 9050 3290 2500 1105 1943 3016 5890 5747 9794 5315 8028 8759 
2447 5498 7826 7918 8305 7339 2240 7611 6732 4360 5097 1275 6188 3261 6919 3236 
1577 5668 5430 9825 7052 9930 4796 7843 3488 7435 9983 9017 6775 9379 5670 9152 
3801 7247 6542 3710 1358 6235 4803 6597 3857 3228 9742 4203 5514 2007 7036 5586 
8407 4133 8675 8544 5712 3654 1263 1691 8560 7630 8885 9290 3091 2137 5965 4697 
4095 5001 4639 3636 8560 5807 2942 8671 5052 8470 2946 6175 1959 7612 6859 1965 
9888 4255 7240 6021 4472 7670 7179 7889 8790 1365 2001 4277 9882 7759 1914 6136 
7823 8391 4678 1957 2300 4555 8979 4215 2598 2833 8552 8081 9817 5661 4415 2286 
8885 8638 9395 4208 6726 8760 1129 2771 8585 6286 1474 1606 6130 5478 5038 7094 
1230 8103 8580 5100 2946 3388 8982 7818 6163 1032 8915 8689 6179 9337 3201 6697 
9918 7910 4957 3929 9788 7274 3775 1460 7815 7585 4241 4856 1997 1768 8172 8051 
6910 4259 5952 9525 6859 6883 7540 6466 8684 1155 4830 3451 4158 8567 2776 6559 
7169 3912 9104 8639 7975 1748 2762 3466 2804 4355 9848 4790 6772 2998 9612 8111 
